## htsjdk.samtools.metrics.StringHeader
# MarkDuplicates --INPUT alignment/SRR35526940_RG_sorted.bam --OUTPUT alignment/SRR35526940_dedup.bam --METRICS_FILE alignment/SRR35526940_dup_metrics.txt --CREATE_INDEX true --MAX_SEQUENCES_FOR_DISK_READ_ENDS_MAP 50000 --MAX_FILE_HANDLES_FOR_READ_ENDS_MAP 8000 --SORTING_COLLECTION_SIZE_RATIO 0.25 --TAG_DUPLICATE_SET_MEMBERS false --REMOVE_SEQUENCING_DUPLICATES false --TAGGING_POLICY DontTag --CLEAR_DT true --DUPLEX_UMI false --FLOW_MODE false --FLOW_DUP_STRATEGY FLOW_QUALITY_SUM_STRATEGY --FLOW_USE_END_IN_UNPAIRED_READS false --FLOW_USE_UNPAIRED_CLIPPED_END false --FLOW_UNPAIRED_END_UNCERTAINTY 0 --FLOW_UNPAIRED_START_UNCERTAINTY 0 --FLOW_SKIP_FIRST_N_FLOWS 0 --FLOW_Q_IS_KNOWN_END false --FLOW_EFFECTIVE_QUALITY_THRESHOLD 15 --ADD_PG_TAG_TO_READS true --REMOVE_DUPLICATES false --ASSUME_SORTED false --DUPLICATE_SCORING_STRATEGY SUM_OF_BASE_QUALITIES --PROGRAM_RECORD_ID MarkDuplicates --PROGRAM_GROUP_NAME MarkDuplicates --READ_NAME_REGEX <optimized capture of last three ':' separated fields as numeric values> --OPTICAL_DUPLICATE_PIXEL_DISTANCE 100 --MAX_OPTICAL_DUPLICATE_SET_SIZE 300000 --VERBOSITY INFO --QUIET false --VALIDATION_STRINGENCY STRICT --COMPRESSION_LEVEL 2 --MAX_RECORDS_IN_RAM 500000 --CREATE_MD5_FILE false --help false --version false --showHidden false --USE_JDK_DEFLATER false --USE_JDK_INFLATER false
## htsjdk.samtools.metrics.StringHeader
# Started on: Sun Sep 06 11:50:56 PKT 2026

## METRICS CLASS	picard.sam.DuplicationMetrics
LIBRARY	UNPAIRED_READS_EXAMINED	READ_PAIRS_EXAMINED	SECONDARY_OR_SUPPLEMENTARY_RDS	UNMAPPED_READS	UNPAIRED_READ_DUPLICATES	READ_PAIR_DUPLICATES	READ_PAIR_OPTICAL_DUPLICATES	PERCENT_DUPLICATION	ESTIMATED_LIBRARY_SIZE
BRCA_library	32	923044	1722	1462	31	915171	0	0.99147	7873

## HISTOGRAM	java.lang.Double
BIN	CoverageMult	all_sets	non_optical_sets
1.0	1	3201	3201
2.0	1	1337	1337
3.0	1	689	689
4.0	1	402	402
5.0	1	302	302
6.0	1	215	215
7.0	1	172	172
8.0	1	140	140
9.0	1	132	132
10.0	1	95	95
11.0	1	99	99
12.0	1	87	87
13.0	1	77	77
14.0	1	49	49
15.0	1	54	54
16.0	1	46	46
17.0	1	38	38
18.0	1	52	52
19.0	1	35	35
20.0	1	36	36
21.0	1	35	35
22.0	1	24	24
23.0	1	21	21
24.0	1	20	20
25.0	1	19	19
26.0	1	28	28
27.0	1	18	18
28.0	1	13	13
29.0	1	17	17
30.0	1	17	17
31.0	1	9	9
32.0	1	13	13
33.0	1	6	6
34.0	1	8	8
35.0	1	7	7
36.0	1	0	0
37.0	1	5	5
38.0	1	7	7
39.0	1	5	5
40.0	1	2	2
41.0	1	6	6
42.0	1	3	3
43.0	1	4	4
44.0	1	1	1
45.0	1	3	3
46.0	1	1	1
47.0	1	4	4
48.0	1	3	3
49.0	1	3	3
50.0	1	5	5
51.0	1	1	1
52.0	1	1	1
53.0	1	2	2
54.0	1	1	1
55.0	1	1	1
56.0	1	1	1
57.0	1	0	0
58.0	1	3	3
59.0	1	1	1
60.0	1	0	0
61.0	1	2	2
62.0	1	3	3
63.0	1	0	0
64.0	1	1	1
65.0	1	1	1
66.0	1	1	1
67.0	1	1	1
68.0	1	0	0
69.0	1	0	0
70.0	1	2	2
71.0	1	1	1
72.0	1	1	1
73.0	1	1	1
74.0	1	0	0
75.0	1	1	1
76.0	1	0	0
77.0	1	1	1
78.0	1	1	1
79.0	1	0	0
80.0	1	0	0
81.0	1	1	1
82.0	1	0	0
83.0	1	0	0
84.0	1	0	0
85.0	1	0	0
86.0	1	2	2
87.0	1	0	0
88.0	1	0	0
89.0	1	0	0
90.0	1	0	0
91.0	1	0	0
92.0	1	0	0
93.0	1	1	1
94.0	1	1	1
95.0	1	0	0
96.0	1	2	2
97.0	1	0	0
98.0	1	0	0
99.0	1	0	0
100.0	1	1	1
109.0	0	1	1
112.0	0	1	1
115.0	0	1	1
120.0	0	1	1
122.0	0	1	1
126.0	0	1	1
128.0	0	1	1
131.0	0	1	1
136.0	0	1	1
138.0	0	2	2
149.0	0	1	1
155.0	0	1	1
170.0	0	1	1
172.0	0	1	1
174.0	0	1	1
185.0	0	1	1
198.0	0	1	1
210.0	0	1	1
213.0	0	1	1
234.0	0	1	1
238.0	0	1	1
259.0	0	1	1
260.0	0	1	1
313.0	0	1	1
353.0	0	1	1
491.0	0	1	1
532.0	0	1	1
696.0	0	1	1
788.0	0	1	1
812.0	0	1	1
838.0	0	1	1
925.0	0	1	1
1081.0	0	1	1
1100.0	0	1	1
1151.0	0	1	1
1197.0	0	1	1
1272.0	0	1	1
1297.0	0	1	1
1396.0	0	1	1
1401.0	0	1	1
1413.0	0	1	1
1423.0	0	1	1
1436.0	0	1	1
1438.0	0	1	1
1441.0	0	1	1
1450.0	0	1	1
1488.0	0	1	1
1517.0	0	1	1
1528.0	0	1	1
1591.0	0	1	1
1611.0	0	1	1
1665.0	0	1	1
1677.0	0	1	1
1686.0	0	1	1
1726.0	0	1	1
1731.0	0	1	1
1734.0	0	1	1
1745.0	0	1	1
1779.0	0	2	2
1783.0	0	1	1
1813.0	0	1	1
1846.0	0	1	1
1859.0	0	1	1
1871.0	0	1	1
1876.0	0	1	1
1883.0	0	1	1
1919.0	0	1	1
1945.0	0	1	1
1953.0	0	1	1
1961.0	0	1	1
1967.0	0	1	1
2016.0	0	1	1
2019.0	0	1	1
2037.0	0	1	1
2038.0	0	1	1
2056.0	0	1	1
2060.0	0	1	1
2081.0	0	1	1
2082.0	0	1	1
2091.0	0	1	1
2101.0	0	1	1
2112.0	0	1	1
2126.0	0	1	1
2130.0	0	1	1
2134.0	0	1	1
2152.0	0	1	1
2154.0	0	1	1
2169.0	0	1	1
2217.0	0	2	2
2225.0	0	1	1
2256.0	0	1	1
2257.0	0	1	1
2277.0	0	1	1
2286.0	0	1	1
2298.0	0	1	1
2336.0	0	1	1
2348.0	0	1	1
2364.0	0	1	1
2372.0	0	1	1
2387.0	0	1	1
2389.0	0	1	1
2412.0	0	1	1
2423.0	0	1	1
2428.0	0	1	1
2437.0	0	1	1
2440.0	0	1	1
2454.0	0	2	2
2466.0	0	1	1
2514.0	0	1	1
2529.0	0	1	1
2544.0	0	1	1
2546.0	0	1	1
2561.0	0	1	1
2571.0	0	1	1
2576.0	0	1	1
2587.0	0	1	1
2605.0	0	1	1
2623.0	0	1	1
2639.0	0	1	1
2649.0	0	1	1
2656.0	0	2	2
2688.0	0	1	1
2707.0	0	1	1
2713.0	0	1	1
2758.0	0	1	1
2764.0	0	1	1
2784.0	0	1	1
2790.0	0	1	1
2802.0	0	1	1
2809.0	0	1	1
2823.0	0	1	1
2828.0	0	1	1
2846.0	0	1	1
2861.0	0	1	1
2868.0	0	1	1
2878.0	0	1	1
2881.0	0	1	1
2897.0	0	1	1
2903.0	0	1	1
2937.0	0	1	1
3000.0	0	1	1
3019.0	0	1	1
3021.0	0	1	1
3033.0	0	1	1
3059.0	0	1	1
3066.0	0	2	2
3109.0	0	1	1
3115.0	0	1	1
3117.0	0	1	1
3118.0	0	1	1
3134.0	0	1	1
3135.0	0	1	1
3137.0	0	1	1
3227.0	0	1	1
3235.0	0	1	1
3236.0	0	1	1
3238.0	0	1	1
3264.0	0	1	1
3340.0	0	1	1
3362.0	0	1	1
3391.0	0	1	1
3412.0	0	1	1
3435.0	0	1	1
3436.0	0	1	1
3451.0	0	1	1
3459.0	0	1	1
3467.0	0	1	1
3484.0	0	1	1
3506.0	0	1	1
3508.0	0	1	1
3519.0	0	1	1
3536.0	0	1	1
3563.0	0	1	1
3567.0	0	1	1
3585.0	0	1	1
3590.0	0	1	1
3592.0	0	1	1
3600.0	0	1	1
3648.0	0	1	1
3652.0	0	1	1
3656.0	0	1	1
3659.0	0	1	1
3664.0	0	1	1
3690.0	0	1	1
3698.0	0	1	1
3727.0	0	1	1
3736.0	0	1	1
3740.0	0	2	2
3750.0	0	1	1
3813.0	0	1	1
3891.0	0	1	1
3904.0	0	1	1
3920.0	0	1	1
3925.0	0	1	1
3967.0	0	1	1
4080.0	0	1	1
4081.0	0	1	1
4090.0	0	1	1
4102.0	0	1	1
4213.0	0	1	1
4221.0	0	1	1
4224.0	0	1	1
4227.0	0	1	1
4405.0	0	2	2
4409.0	0	1	1
4466.0	0	1	1
4470.0	0	1	1
4563.0	0	1	1
4564.0	0	1	1
4606.0	0	1	1
4622.0	0	1	1
4648.0	0	1	1
4676.0	0	1	1
4688.0	0	1	1
4829.0	0	1	1
4831.0	0	1	1
4850.0	0	1	1
4860.0	0	1	1
4896.0	0	1	1
4900.0	0	1	1
4941.0	0	1	1
5085.0	0	1	1
5128.0	0	1	1
5160.0	0	1	1
5400.0	0	1	1
5428.0	0	1	1
5449.0	0	1	1
5509.0	0	1	1
5569.0	0	1	1
5920.0	0	1	1
5998.0	0	1	1
6017.0	0	1	1
6073.0	0	1	1
6118.0	0	1	1
6128.0	0	1	1
6195.0	0	1	1
6216.0	0	1	1
6313.0	0	1	1
6320.0	0	1	1
6346.0	0	1	1
6715.0	0	1	1
6834.0	0	1	1
6890.0	0	1	1
6900.0	0	1	1
7003.0	0	1	1
7164.0	0	1	1
7180.0	0	1	1
7325.0	0	1	1
7418.0	0	1	1
7425.0	0	1	1
7438.0	0	1	1
7478.0	0	1	1
7901.0	0	1	1
8327.0	0	1	1
8783.0	0	1	1
8844.0	0	1	1
8961.0	0	1	1
9668.0	0	1	1
10199.0	0	1	1
10768.0	0	1	1
11392.0	0	1	1
11622.0	0	1	1
11756.0	0	1	1
12083.0	0	1	1

